lambda = [570 498 514 467 475 449.4 454 433 434] .* 1e-9;
n = [4 5 6 6 7 7 8 10 10];

h = 6.626e-34; c = 299792458; E_0 = 5.14 - h*c/(589.6e-9)/1.6022e-19;

delE = h*c./lambda /1.6022e-19;
E_n = E_0 - delE;

nstar = sqrt(13.606./E_n);

delta = n-nstar;